33.7128
0.138821
7.43729
0.438701
0
6.12816
0
7.10672
0.119904
2.47503
37.6134
0.155049
0.238276
0.0558921
0.0490002
13.6792
0.0895422
0
4.16373
0.00200132
33.0246
0.252323
3.22539
10.9097
0.341286
0.123389
3.30234
1.30387
5.5142
0.276551
10.075
36.8955
0.295519
0.387298
0.3565
0.0666181
0
6.12872
0.100651
4.73718
36.1497
0.752683
3.89604
0.125135
14.7821
0.123268
0.0694189
0.0279935
0.062819
2.92784
21.4821
8.34531
0.217905
1.05991
10.7161
0.240722
5.79024
1.67733
10.1311
0.288894
55.8126
0.410292
0.431911
0
0
0
0
0
0
0.544393
20.5174
0.316746
5.31834
0.0368078
12.7566
10.0969
0.268499
0.354217
5.03946
4.50725
25.335
0.346711
7.64811
0.672021
0.267129
26.0899
0.227338
0.057069
0.118928
0.13502
21.5685
0
0
13.3266
16.8118
0.103737
0.065921
6.01395
0.222038
0.263971
9.07987
13.7227
23.2666
0.386804
0.142327
14.8699
0.425217
0.11608
0.058227
0
54.3202
0
0
0
0
0
0
0
3.37762
1.25885
19.9871
0.0978522
2.51488
16.2059
15.654
0.327953
0.343318
0.134121
4.20585
0.028984
30.9984
0.0838484
0.056717
18.9891
0.131422
0
6.79151
0.0313154
4.5159
0.303924
34.8571
8.76153
0.0216437
10.6257
0.24194
0.166439
0
5.18477
0.0730417
1.98775
28.2632
0.140091
0.260617
18.8849
0.255495
7.53321
0.0587784
2.76478
4.07372
0.15382
45.7347
0.0579517
0
0
15.5488
0.0594476
0.0262066
0.220471
0.0178678
0
13.7175
6.12641
4.38848
19.4049
18.909
0.345937
0.0676468
0.156338
0
0
54.7243
0
0
0
0
0
0
6.15311
0.0833577
0.218599
32.0854
0
22.9745
0.0496992
0.0542428
0.0845106
0.087251
2.11979
3.44322
0.775528
26.5628
5.55762
0.279741
20.2579
0.386241
0.0198816
8.95612
0.0557176
0.136921
1.19387
33.245
0
0
0
17.5884
0.0307013
12.7488
0.125944
0.230793
0.24986
39.0747
0.217814
0.101318
20.218
0.0815772
0
0
0
6.68002
10.7549
25.2601
0.0515687
0.198502
5.15271
2.63612
8.30047
0.0580402
7.27754
5.35527
0.641119
45.5156
0.270225
0.17684
9.12704
0.0576486
0.21955
11.6925
0.0642497
0.0624783
0.119065
24.0821
0
0
28.0281
0.189503
16.876
0.304062
0.173782
0
0
24.8153
16.3955
0.100919
0.0748757
0.305306
10.1686
5.51167
0.026849
7.38807
2.56503
47.2446
0.0332966
0.0277024
0.0813797
0.0928859
4.49253
0.0281056
12.6382
4.77052
0.339865
15.1627
17.8036
0.145217
8.16459
0.0758618
16.5765
2.64208
10.351
0.308673
0
43.3773
0.158639
0.135708
0
2.83288
14.4614
0.161585
3.96573
4.78563
0.644172
24.8956
0
0
23.2786
4.4793
16.1424
0.345365
0.0693618
0.185553
0
71.5423
0
0
0
0
0
0
0
0
0.60056
42.1993
0.0116734
0.737774
23.0335
0.120775
0.0945918
0
0.0531291
5.10665
2.85231
63.1589
0.164543
0.166925
0.124063
0.0294656
0
0
3.22977
7.02726
0.0105848
43.1226
4.12658
45.0176
0.1901
0.303952
3.63053
15.8836
1.56995
0.0483216
0
27.9697
0
20.0548
1.8
22.8919
0.172264
0
3.79912
5.62267
0.067195
59.533
0.267009
1.41447
0
0
1.27167
14.8192
1.38411
2.60696
4.17141
50.9481
1.55586
28.7984
0.961432
0.977293
0.177423
0.93746
0.77406
0.893739
0.778208
30.4068
0.685823
29.7925
1.91597
8.98865
2.24458
19.2864
0.255506
0
0
58.5878
0
0
0
23.6916
0
0
0
0
0
58.9685
0.088977
0.178282
0
24.5865
0.181528
0.0529819
0
0
76.4064
0
0
0
0
0
0
0
8.92367
0.188588
0.0577861
61.0915
0
0
0
0
0
15.2602
11.2345
0
0
52.2789
33.2984
0.0842018
0.143465
0
0
0
0
0
2.69895
87.0855
0.0706326
0
0
0
0
0
0
8.39965
0
78.5982
0
0.00627808
0
0
0
17.144
0.220433
0
79.1213
0
0
0
0
0
0
17.3325
0
0
0.280691
100.516
0.0886141
0.268586
0.472595
0.295951
0.311033
0.3322
0
0.117991
0.0430892
104.797
0.201801
0
0
0.12698
0
0.22219
0.119919
0.0411854
0
108.054
0
0
0
0
0
0
0
0
0.376623
106.348
0
0
0
0
0
0
0
7.11517
105.801
0
0
0
0
0.238345
0
4.40524
17.8042
3.59128
1.67838
87.4792
2.19372
2.27939
1.42214
1.25352
1.4477
22.7144
52.2616
0
0
100.048
0
0
0
0
31.3245
0
0
0
4.66027
91.6133
0
0
0
35.864
0
0
0
11.2691
5.63141
82.1456
0
0
32.2228
0
0
0
43.2487
0
0
72.3122
0
27.5056
0
0
7.96919
111.689
4.70873
4.34965
6.65476
53.2017
16.5817
4.22461
0
4.05976
36.6775
3.79611
0
3.68196
0.984047
39.1889
3.38063
2.98564
3.01191
36.5362
2.64063
2.46939
2.47601
21.2631
2.68808
37.8613
4.97844
7.30956
37.254
0
0
26.5304
0
13.6758
0
25.6306
0
23.2401
0
21.3374
0
20.4851
19.5189
0
11.9895
18.4524
17.0502
15.7164
14.6272
13.8167
26.6
11.5441
22.5125
28.378
21.8241
40.4224
49.2308
33.9453
0.0850817
0.114165
0.112089
0.0811831
0
0
0
0.833457
0
0
0
0
0
0
0
0
0
1.22716
0
0
0
0
0
0
0
0
0
1.11057
0
0
0
0
0
0
0
0
0
0.924236
0
0
0.0176129
0
0
0
0
0
0
0.979713
0
0
0
0
0
0
0
0
0
0.772316
0
0
0
0
0
0
0
0
0
1.22168
0
0
0
0
0
0
0
0
0
1.1391
0
0
0
0
0
0
0
0
0.0150443
0.950478
0
0
0
0
0
0
0
0
0
0.913286
0
0
0
0
0
0
0
0
0
0.652999
0
0
0
0.578917
0.0300643
0.0610089
0.0461322
0.0936679
0.0922142
1.14386
0
0
0
0
0
0
0
0
0
0.990803
0
0
0
0
0
0
0
0
0
1.13324
0
0
0
0
0
0
0
0
0
1.09415
0
0
0
0
0
0
0
0
0
0.897188
0
0
0
0
0
0
0.272489
0.143348
0.167752
0.951275
0
0
0
0
0
0
0
0
0
0.961385
0
0
0
0
0.00606715
0
0
0
0
0.951228
0
0
0
0
0
0
0
0
1.23681
0
0
0
0
0
0
0
0
0
0
1.2216
0
0
0
0
0
0
0
0
0
0.885375
0
0
0
0
0
0
0
0
0
1.08666
0
0
0
0
0
0
0
0
0
1.09288
0.046912
0
0.0297323
0
0
0
0
0
1.04546
0
0
0
0
0
0
0
0
0
0
0.994607
0
0
0
0
0
0
0
0
0
1.00824
0
0
0
0
0
0
0
0
0
1.02138
0
0
0
0
0
0
0
0
0
1.19148
0
0
0
0
0
0
0
0
1.10381
0
0
0
0
0
0
0
0
0
0
1.14505
0
0
0
0
0
0
0
0
0
0.993455
0
0
0
0
0
0
0
0
0
1.59587
0
0
0
0
0
0
0.0652772
0
0
1.02731
0
0
0
0
0
0
0.100128
0.0250729
1.16423
0
0
0
0
0
0
0
0
0
0
1.00428
0
0
0
0
0
0
0
0
0
1.09537
0
0
0
0
0
0
0
0
0
